 0.00000000e+00  3.49964995e+00  0.00000000e+00  0.00000000e+00 
 5.00000000e-03  3.49963993e+00  5.00000000e-03  1.74981997e-02 
 1.00000000e-02  3.49962992e+00  1.00000000e-02  3.49962992e-02 
 1.50000000e-02  3.49961991e+00  1.50000000e-02  5.24942986e-02 
 2.00000000e-02  3.49960989e+00  2.00000000e-02  6.99921978e-02 
 2.50000000e-02  3.49959987e+00  2.50000000e-02  8.74899967e-02 
 3.00000000e-02  3.49958984e+00  3.00000000e-02  1.04987695e-01 
 3.50000000e-02  3.49957982e+00  3.50000000e-02  1.22485294e-01 
 4.00000000e-02  3.49956979e+00  4.00000000e-02  1.39982792e-01 
 4.50000000e-02  3.49955976e+00  4.50000000e-02  1.57480189e-01 
 5.00000000e-02  3.49954972e+00  5.00000000e-02  1.74977486e-01 
 5.50000000e-02  3.49953967e+00  5.50000000e-02  1.92474682e-01 
 6.00000000e-02  3.49952962e+00  6.00000000e-02  2.09971777e-01 
 6.50000000e-02  3.49951956e+00  6.50000000e-02  2.27468772e-01 
 7.00000000e-02  3.49950950e+00  7.00000000e-02  2.44965665e-01 
 7.50000000e-02  3.49949942e+00  7.50000000e-02  2.62462457e-01 
 8.00000000e-02  3.49948934e+00  8.00000000e-02  2.79959147e-01 
 8.50000000e-02  3.49947924e+00  8.50000000e-02  2.97455735e-01 
 9.00000000e-02  3.49946913e+00  9.00000000e-02  3.14952222e-01 
 9.50000000e-02  3.49945900e+00  9.50000000e-02  3.32448605e-01 
 1.00000000e-01  3.49944886e+00  1.00000000e-01  3.49944886e-01 
 1.05000000e-01  3.49943870e+00  1.05000000e-01  3.67441063e-01 
 1.10000000e-01  3.49942851e+00  1.10000000e-01  3.84937136e-01 
 1.15000000e-01  3.49941830e+00  1.15000000e-01  4.02433104e-01 
 1.20000000e-01  3.49940806e+00  1.20000000e-01  4.19928967e-01 
 1.25000000e-01  3.49939778e+00  1.25000000e-01  4.37424723e-01 
 1.30000000e-01  3.49938747e+00  1.30000000e-01  4.54920371e-01 
 1.35000000e-01  3.49937711e+00  1.35000000e-01  4.72415910e-01 
 1.40000000e-01  3.49936671e+00  1.40000000e-01  4.89911339e-01 
 1.45000000e-01  3.49935625e+00  1.45000000e-01  5.07406656e-01 
 1.50000000e-01  3.49934572e+00  1.50000000e-01  5.24901859e-01 
 1.55000000e-01  3.49933513e+00  1.55000000e-01  5.42396945e-01 
 1.60000000e-01  3.49932445e+00  1.60000000e-01  5.59891912e-01 
 1.65000000e-01  3.49931368e+00  1.65000000e-01  5.77386757e-01 
 1.70000000e-01  3.49930280e+00  1.70000000e-01  5.94881476e-01 
 1.75000000e-01  3.49929180e+00  1.75000000e-01  6.12376065e-01 
 1.80000000e-01  3.49928067e+00  1.80000000e-01  6.29870520e-01 
 1.85000000e-01  3.49926937e+00  1.85000000e-01  6.47364834e-01 
 1.90000000e-01  3.49925790e+00  1.90000000e-01  6.64859002e-01 
 1.95000000e-01  3.49924623e+00  1.95000000e-01  6.82353015e-01 
 2.00000000e-01  3.49923433e+00  2.00000000e-01  6.99846865e-01 
 2.05000000e-01  3.49922216e+00  2.05000000e-01  7.17340543e-01 
 2.10000000e-01  3.49920970e+00  2.10000000e-01  7.34834037e-01 
 2.15000000e-01  3.49919690e+00  2.15000000e-01  7.52327333e-01 
 2.20000000e-01  3.49918371e+00  2.20000000e-01  7.69820416e-01 
 2.25000000e-01  3.49917009e+00  2.25000000e-01  7.87313269e-01 
 2.30000000e-01  3.49915596e+00  2.30000000e-01  8.04805871e-01 
 2.35000000e-01  3.49914127e+00  2.35000000e-01  8.22298198e-01 
 2.40000000e-01  3.49912593e+00  2.40000000e-01  8.39790224e-01 
 2.45000000e-01  3.49910986e+00  2.45000000e-01  8.57281916e-01 
 2.50000000e-01  3.49909296e+00  2.50000000e-01  8.74773239e-01 
 2.55000000e-01  3.49907510e+00  2.55000000e-01  8.92264151e-01 
 2.60000000e-01  3.49905616e+00  2.60000000e-01  9.09754603e-01 
 2.65000000e-01  3.49903600e+00  2.65000000e-01  9.27244540e-01 
 2.70000000e-01  3.49901444e+00  2.70000000e-01  9.44733898e-01 
 2.75000000e-01  3.49899128e+00  2.75000000e-01  9.62222603e-01 
 2.80000000e-01  3.49896632e+00  2.80000000e-01  9.79710571e-01 
 2.85000000e-01  3.49893931e+00  2.85000000e-01  9.97197702e-01 
 2.90000000e-01  3.49890995e+00  2.90000000e-01  1.01468388e+00 
 2.95000000e-01  3.49887793e+00  2.95000000e-01  1.03216899e+00 
 3.00000000e-01  3.49884288e+00  3.00000000e-01  1.04965286e+00 
 3.05000000e-01  3.49880439e+00  3.05000000e-01  1.06713534e+00 
 3.10000000e-01  3.49876199e+00  3.10000000e-01  1.08461622e+00 
 3.15000000e-01  3.49871513e+00  3.15000000e-01  1.10209527e+00 
 3.20000000e-01  3.49866321e+00  3.20000000e-01  1.11957223e+00 
 3.25000000e-01  3.49860552e+00  3.25000000e-01  1.13704679e+00 
 3.30000000e-01  3.49854129e+00  3.30000000e-01  1.15451862e+00 
 3.35000000e-01  3.49846960e+00  3.35000000e-01  1.17198732e+00 
 3.40000000e-01  3.49838945e+00  3.40000000e-01  1.18945241e+00 
 3.45000000e-01  3.49829965e+00  3.45000000e-01  1.20691338e+00 
 3.50000000e-01  3.49819891e+00  3.50000000e-01  1.22436962e+00 
 3.55000000e-01  3.49808571e+00  3.55000000e-01  1.24182043e+00 
 3.60000000e-01  3.49795835e+00  3.60000000e-01  1.25926501e+00 
 3.65000000e-01  3.49781489e+00  3.65000000e-01  1.27670244e+00 
 3.70000000e-01  3.49765314e+00  3.70000000e-01  1.29413166e+00 
 3.75000000e-01  3.49747058e+00  3.75000000e-01  1.31155147e+00 
 3.80000000e-01  3.49726438e+00  3.80000000e-01  1.32896047e+00 
 3.85000000e-01  3.49703133e+00  3.85000000e-01  1.34635706e+00 
 3.90000000e-01  3.49676775e+00  3.90000000e-01  1.36373942e+00 
 3.95000000e-01  3.49646949e+00  3.95000000e-01  1.38110545e+00 
 4.00000000e-01  3.49613185e+00  4.00000000e-01  1.39845274e+00 
 4.05000000e-01  3.49574948e+00  4.05000000e-01  1.41577854e+00 
 4.10000000e-01  3.49531634e+00  4.10000000e-01  1.43307970e+00 
 4.15000000e-01  3.49482555e+00  4.15000000e-01  1.45035260e+00 
 4.20000000e-01  3.49426937e+00  4.20000000e-01  1.46759313e+00 
 4.25000000e-01  3.49363899e+00  4.25000000e-01  1.48479657e+00 
 4.30000000e-01  3.49292450e+00  4.30000000e-01  1.50195753e+00 
 4.35000000e-01  3.49211465e+00  4.35000000e-01  1.51906987e+00 
 4.40000000e-01  3.49119680e+00  4.40000000e-01  1.53612659e+00 
 4.45000000e-01  3.49015665e+00  4.45000000e-01  1.55311971e+00 
 4.50000000e-01  3.48897812e+00  4.50000000e-01  1.57004015e+00 
 4.55000000e-01  3.48764311e+00  4.55000000e-01  1.58687762e+00 
 4.60000000e-01  3.48613131e+00  4.60000000e-01  1.60362040e+00 
 4.65000000e-01  3.48441995e+00  4.65000000e-01  1.62025528e+00 
 4.70000000e-01  3.48248354e+00  4.70000000e-01  1.63676727e+00 
 4.75000000e-01  3.48029364e+00  4.75000000e-01  1.65313948e+00 
 4.80000000e-01  3.47781855e+00  4.80000000e-01  1.66935291e+00 
 4.85000000e-01  3.47502310e+00  4.85000000e-01  1.68538620e+00 
 4.90000000e-01  3.47186833e+00  4.90000000e-01  1.70121548e+00 
 4.95000000e-01  3.46831125e+00  4.95000000e-01  1.71681407e+00 
 5.00000000e-01  3.46430464e+00  5.00000000e-01  1.73215232e+00 
 5.05000000e-01  3.45979681e+00  5.05000000e-01  1.74719739e+00 
 5.10000000e-01  3.45473151e+00  5.10000000e-01  1.76191307e+00 
 5.15000000e-01  3.44904781e+00  5.15000000e-01  1.77625962e+00 
 5.20000000e-01  3.44268013e+00  5.20000000e-01  1.79019367e+00 
 5.25000000e-01  3.43555837e+00  5.25000000e-01  1.80366814e+00 
 5.30000000e-01  3.42760814e+00  5.30000000e-01  1.81663232e+00 
 5.35000000e-01  3.41875117e+00  5.35000000e-01  1.82903188e+00 
 5.40000000e-01  3.40890582e+00  5.40000000e-01  1.84080915e+00 
 5.45000000e-01  3.39798784e+00  5.45000000e-01  1.85190337e+00 
 5.50000000e-01  3.38591118e+00  5.50000000e-01  1.86225115e+00 
 5.55000000e-01  3.37258908e+00  5.55000000e-01  1.87178694e+00 
 5.60000000e-01  3.35793523e+00  5.60000000e-01  1.88044373e+00 
 5.65000000e-01  3.34186500e+00  5.65000000e-01  1.88815373e+00 
 5.70000000e-01  3.32429684e+00  5.70000000e-01  1.89484920e+00 
 5.75000000e-01  3.30515360e+00  5.75000000e-01  1.90046332e+00 
 5.80000000e-01  3.28436386e+00  5.80000000e-01  1.90493104e+00 
 5.85000000e-01  3.26186316e+00  5.85000000e-01  1.90818995e+00 
 5.90000000e-01  3.23759503e+00  5.90000000e-01  1.91018107e+00 
 5.95000000e-01  3.21151192e+00  5.95000000e-01  1.91084959e+00 
 6.00000000e-01  3.18357577e+00  6.00000000e-01  1.91014546e+00 
 6.05000000e-01  3.15375844e+00  6.05000000e-01  1.90802386e+00 
 6.10000000e-01  3.12204184e+00  6.10000000e-01  1.90444552e+00 
 6.15000000e-01  3.08841773e+00  6.15000000e-01  1.89937690e+00 
 6.20000000e-01  3.05288744e+00  6.20000000e-01  1.89279021e+00 
 6.25000000e-01  3.01546128e+00  6.25000000e-01  1.88466330e+00 
 6.30000000e-01  2.97615780e+00  6.30000000e-01  1.87497941e+00 
 6.35000000e-01  2.93500301e+00  6.35000000e-01  1.86372691e+00 
 6.40000000e-01  2.89202945e+00  6.40000000e-01  1.85089885e+00 
 6.45000000e-01  2.84727527e+00  6.45000000e-01  1.83649255e+00 
 6.50000000e-01  2.80078326e+00  6.50000000e-01  1.82050912e+00 
 6.55000000e-01  2.75260000e+00  6.55000000e-01  1.80295300e+00 
 6.60000000e-01  2.70277498e+00  6.60000000e-01  1.78383149e+00 
 6.65000000e-01  2.65135980e+00  6.65000000e-01  1.76315427e+00 
 6.70000000e-01  2.59840750e+00  6.70000000e-01  1.74093302e+00 
 6.75000000e-01  2.54397189e+00  6.75000000e-01  1.71718103e+00 
 6.80000000e-01  2.48810705e+00  6.80000000e-01  1.69191279e+00 
 6.85000000e-01  2.43086683e+00  6.85000000e-01  1.66514378e+00 
 6.90000000e-01  2.37230448e+00  6.90000000e-01  1.63689009e+00 
 6.95000000e-01  2.31247235e+00  6.95000000e-01  1.60716828e+00 
 7.00000000e-01  2.25142158e+00  7.00000000e-01  1.57599511e+00 
 7.05000000e-01  2.18920198e+00  7.05000000e-01  1.54338739e+00 
 7.10000000e-01  2.12586180e+00  7.10000000e-01  1.50936188e+00 
 7.15000000e-01  2.06144768e+00  7.15000000e-01  1.47393509e+00 
 7.20000000e-01  1.99600457e+00  7.20000000e-01  1.43712329e+00 
 7.25000000e-01  1.92957565e+00  7.25000000e-01  1.39894235e+00 
 7.30000000e-01  1.86220237e+00  7.30000000e-01  1.35940773e+00 
 7.35000000e-01  1.79392440e+00  7.35000000e-01  1.31853443e+00 
 7.40000000e-01  1.72477969e+00  7.40000000e-01  1.27633697e+00 
 7.45000000e-01  1.65480449e+00  7.45000000e-01  1.23282934e+00 
 7.50000000e-01  1.58403336e+00  7.50000000e-01  1.18802502e+00 
 7.55000000e-01  1.51249928e+00  7.55000000e-01  1.14193696e+00 
 7.60000000e-01  1.44023365e+00  7.60000000e-01  1.09457757e+00 
 7.65000000e-01  1.36726638e+00  7.65000000e-01  1.04595878e+00 
 7.70000000e-01  1.29362594e+00  7.70000000e-01  9.96091973e-01 
 7.75000000e-01  1.21933942e+00  7.75000000e-01  9.44988047e-01 
 7.80000000e-01  1.14443258e+00  7.80000000e-01  8.92657415e-01 
 7.85000000e-01  1.06892996e+00  7.85000000e-01  8.39110021e-01 
 7.90000000e-01  9.92854881e-01  7.90000000e-01  7.84355356e-01 
 7.95000000e-01  9.16229527e-01  7.95000000e-01  7.28402474e-01 
 8.00000000e-01  8.39075014e-01  8.00000000e-01  6.71260011e-01 
 8.05000000e-01  7.61411430e-01  8.05000000e-01  6.12936202e-01 
 8.10000000e-01  6.83257898e-01  8.10000000e-01  5.53438897e-01 
 8.15000000e-01  6.04632617e-01  8.15000000e-01  4.92775583e-01 
 8.20000000e-01  5.25552919e-01  8.20000000e-01  4.30953393e-01 
 8.25000000e-01  4.46035310e-01  8.25000000e-01  3.67979131e-01 
 8.30000000e-01  3.66095517e-01  8.30000000e-01  3.03859279e-01 
 8.35000000e-01  2.85748529e-01  8.35000000e-01  2.38600021e-01 
 8.40000000e-01  2.05008634e-01  8.40000000e-01  1.72207252e-01 
 8.45000000e-01  1.23889462e-01  8.45000000e-01  1.04686595e-01 
 8.50000000e-01  4.24040137e-02  8.50000000e-01  3.60434117e-02 
 8.55000000e-01 -3.94352994e-02  8.55000000e-01 -3.37171810e-02 
 8.60000000e-01 -1.21616628e-01  8.60000000e-01 -1.04590300e-01 
 8.65000000e-01 -2.04128655e-01  8.65000000e-01 -1.76571287e-01 
 8.70000000e-01 -2.86960564e-01  8.70000000e-01 -2.49655691e-01 
 8.75000000e-01 -3.70102016e-01  8.75000000e-01 -3.23839264e-01 
 8.80000000e-01 -4.53543122e-01  8.80000000e-01 -3.99117947e-01 
 8.85000000e-01 -5.37274422e-01  8.85000000e-01 -4.75487864e-01 
 8.90000000e-01 -6.21286861e-01  8.90000000e-01 -5.52945307e-01 
 8.95000000e-01 -7.05571769e-01  8.95000000e-01 -6.31486733e-01 
 9.00000000e-01 -7.90120839e-01  9.00000000e-01 -7.11108755e-01 
